value iteration:

Најдобри акции за discount factor 0.5: [4 4 4 4 0 0 0 0 0 0 0 0 0 0 0 0 5 0 0 0 3 3 3 3 0 0 0 0 0 0 0 0 0 0 0 0 3
 0 0 0 0 0 0 0 2 2 2 2 0 0 0 0 0 0 0 0 0 2 0 0 0 0 0 0 2 2 2 2 0 0 0 0 0 0
 0 0 0 2 0 0 0 0 0 0 4 4 4 4 0 0 0 0 0 0 0 0 0 5 0 0 1 1 1 1 0 0 0 0 0 0 0
 0 0 0 0 0 1 0 0 0 1 1 1 1 0 0 0 0 0 0 0 0 0 0 0 0 1 0 0 0 0 0 0 0 2 2 2 2
 0 0 0 0 0 0 0 0 0 2 0 0 0 0 0 0 2 2 2 2 0 0 0 0 0 0 0 0 0 2 0 0 0 0 0 0 1
 1 1 1 0 0 0 0 0 0 0 0 0 1 0 0 1 1 1 1 2 2 2 2 0 0 0 0 2 2 2 2 1 2 0 2 1 1
 1 1 2 2 2 2 3 3 3 3 2 2 2 2 1 2 3 2 3 3 3 3 2 2 2 2 3 3 3 3 2 2 2 2 3 2 3
 2 3 3 3 3 2 2 2 2 3 3 3 3 0 0 0 0 3 2 3 0 3 3 3 3 1 1 1 1 3 3 3 3 0 0 0 0
 3 1 3 0 1 1 1 1 1 1 1 1 0 0 0 0 1 1 1 1 1 1 0 1 1 1 1 1 2 2 2 2 1 1 1 1 2
 2 2 2 1 2 1 2 1 1 1 1 1 1 1 1 1 1 1 1 1 1 1 1 1 1 1 1 1 1 1 1 2 2 2 2 1 1
 1 1 0 0 0 0 1 2 1 0 1 1 1 1 1 1 1 1 1 1 1 1 0 0 0 0 1 1 1 0 1 1 1 1 1 1 1
 1 4 4 4 4 1 1 1 1 1 1 5 1 1 1 1 1 2 2 2 2 1 1 1 1 2 2 2 2 1 2 1 2 1 1 1 1
 1 1 1 1 1 1 1 1 1 1 1 1 1 1 1 1 1 1 1 1 2 2 2 2 1 1 1 1 4 4 4 4 1 2 1 5 1
 1 1 1 1 1 1 1 1 1 1 1 3 3 3 3 1 1 1 3]
Просечна награда за discount factor 0.5 за 50 итерации: 9.2, просечни чекори: 11.8
Просечна награда за discount factor 0.5 за 100 итерации: 8.35, просечни чекори: 12.65
Најдобри акции за discount factor 0.7: [4 4 4 4 0 0 0 0 0 0 0 0 0 0 0 0 5 0 0 0 3 3 3 3 0 0 0 0 0 0 0 0 0 0 0 0 3
 0 0 0 0 0 0 0 2 2 2 2 0 0 0 0 0 0 0 0 0 2 0 0 0 0 0 0 2 2 2 2 0 0 0 0 0 0
 0 0 0 2 0 0 0 0 0 0 4 4 4 4 0 0 0 0 0 0 0 0 0 5 0 0 1 1 1 1 0 0 0 0 0 0 0
 0 0 0 0 0 1 0 0 0 1 1 1 1 0 0 0 0 0 0 0 0 0 0 0 0 1 0 0 0 0 0 0 0 2 2 2 2
 0 0 0 0 0 0 0 0 0 2 0 0 0 0 0 0 2 2 2 2 0 0 0 0 0 0 0 0 0 2 0 0 0 0 0 0 1
 1 1 1 0 0 0 0 0 0 0 0 0 1 0 0 1 1 1 1 2 2 2 2 0 0 0 0 2 2 2 2 1 2 0 2 1 1
 1 1 2 2 2 2 3 3 3 3 2 2 2 2 1 2 3 2 3 3 3 3 2 2 2 2 3 3 3 3 2 2 2 2 3 2 3
 2 3 3 3 3 2 2 2 2 3 3 3 3 0 0 0 0 3 2 3 0 3 3 3 3 1 1 1 1 3 3 3 3 0 0 0 0
 3 1 3 0 1 1 1 1 1 1 1 1 0 0 0 0 1 1 1 1 1 1 0 1 1 1 1 1 2 2 2 2 1 1 1 1 2
 2 2 2 1 2 1 2 1 1 1 1 1 1 1 1 1 1 1 1 1 1 1 1 1 1 1 1 1 1 1 1 2 2 2 2 1 1
 1 1 0 0 0 0 1 2 1 0 1 1 1 1 1 1 1 1 1 1 1 1 0 0 0 0 1 1 1 0 1 1 1 1 1 1 1
 1 4 4 4 4 1 1 1 1 1 1 5 1 1 1 1 1 2 2 2 2 1 1 1 1 2 2 2 2 1 2 1 2 1 1 1 1
 1 1 1 1 1 1 1 1 1 1 1 1 1 1 1 1 1 1 1 1 2 2 2 2 1 1 1 1 4 4 4 4 1 2 1 5 1
 1 1 1 1 1 1 1 1 1 1 1 3 3 3 3 1 1 1 3]
Просечна награда за discount factor 0.7 за 50 итерации: 8.28, просечни чекори: 12.72
Просечна награда за discount factor 0.7 за 100 итерации: 7.84, просечни чекори: 13.16
Најдобри акции за discount factor 0.9: [4 4 4 4 0 0 0 0 0 0 0 0 0 0 0 0 5 0 0 0 3 3 3 3 0 0 0 0 0 0 0 0 0 0 0 0 3
 0 0 0 0 0 0 0 2 2 2 2 0 0 0 0 0 0 0 0 0 2 0 0 0 0 0 0 2 2 2 2 0 0 0 0 0 0
 0 0 0 2 0 0 0 0 0 0 4 4 4 4 0 0 0 0 0 0 0 0 0 5 0 0 1 1 1 1 0 0 0 0 0 0 0
 0 0 0 0 0 1 0 0 0 1 1 1 1 0 0 0 0 0 0 0 0 0 0 0 0 1 0 0 0 0 0 0 0 2 2 2 2
 0 0 0 0 0 0 0 0 0 2 0 0 0 0 0 0 2 2 2 2 0 0 0 0 0 0 0 0 0 2 0 0 0 0 0 0 1
 1 1 1 0 0 0 0 0 0 0 0 0 1 0 0 1 1 1 1 2 2 2 2 0 0 0 0 2 2 2 2 1 2 0 2 1 1
 1 1 2 2 2 2 3 3 3 3 2 2 2 2 1 2 3 2 3 3 3 3 2 2 2 2 3 3 3 3 2 2 2 2 3 2 3
 2 3 3 3 3 2 2 2 2 3 3 3 3 0 0 0 0 3 2 3 0 3 3 3 3 1 1 1 1 3 3 3 3 0 0 0 0
 3 1 3 0 1 1 1 1 1 1 1 1 0 0 0 0 1 1 1 1 1 1 0 1 1 1 1 1 2 2 2 2 1 1 1 1 2
 2 2 2 1 2 1 2 1 1 1 1 1 1 1 1 1 1 1 1 1 1 1 1 1 1 1 1 1 1 1 1 2 2 2 2 1 1
 1 1 0 0 0 0 1 2 1 0 1 1 1 1 1 1 1 1 1 1 1 1 0 0 0 0 1 1 1 0 1 1 1 1 1 1 1
 1 4 4 4 4 1 1 1 1 1 1 5 1 1 1 1 1 2 2 2 2 1 1 1 1 2 2 2 2 1 2 1 2 1 1 1 1
 1 1 1 1 1 1 1 1 1 1 1 1 1 1 1 1 1 1 1 1 2 2 2 2 1 1 1 1 4 4 4 4 1 2 1 5 1
 1 1 1 1 1 1 1 1 1 1 1 3 3 3 3 1 1 1 3]
Просечна награда за discount factor 0.9 за 50 итерации: 7.9, просечни чекори: 13.1
Просечна награда за discount factor 0.9 за 100 итерации: 7.85, просечни чекори: 13.15

------------------------------------------------------------------------------------------------------------------------

policy iteration:

Најдобри акции за discount factor 0.5: [4 4 4 4 0 0 0 0 0 0 0 0 0 0 0 0 5 0 0 0 3 3 3 3 0 0 0 0 0 0 0 0 0 0 0 0 3
 0 0 0 0 0 0 0 2 2 2 2 0 0 0 0 0 0 0 0 0 2 0 0 0 0 0 0 2 2 2 2 0 0 0 0 0 0
 0 0 0 2 0 0 0 0 0 0 4 4 4 4 0 0 0 0 0 0 0 0 0 5 0 0 1 1 1 1 0 0 0 0 0 0 0
 0 0 0 0 0 1 0 0 0 1 1 1 1 0 0 0 0 0 0 0 0 0 0 0 0 1 0 0 0 0 0 0 0 2 2 2 2
 0 0 0 0 0 0 0 0 0 2 0 0 0 0 0 0 2 2 2 2 0 0 0 0 0 0 0 0 0 2 0 0 0 0 0 0 1
 1 1 1 0 0 0 0 0 0 0 0 0 1 0 0 1 1 1 1 2 2 2 2 0 0 0 0 2 2 2 2 1 2 0 2 1 1
 1 1 2 2 2 2 3 3 3 3 2 2 2 2 1 2 3 2 3 3 3 3 2 2 2 2 3 3 3 3 2 2 2 2 3 2 3
 2 3 3 3 3 2 2 2 2 3 3 3 3 0 0 0 0 3 2 3 0 3 3 3 3 1 1 1 1 3 3 3 3 0 0 0 0
 3 1 3 0 1 1 1 1 1 1 1 1 0 0 0 0 1 1 1 1 1 1 0 1 1 1 1 1 2 2 2 2 1 1 1 1 2
 2 2 2 1 2 1 2 1 1 1 1 1 1 1 1 1 1 1 1 1 1 1 1 1 1 1 1 1 1 1 1 2 2 2 2 1 1
 1 1 0 0 0 0 1 2 1 0 1 1 1 1 1 1 1 1 1 1 1 1 0 0 0 0 1 1 1 0 1 1 1 1 1 1 1
 1 4 4 4 4 1 1 1 1 1 1 5 1 1 1 1 1 2 2 2 2 1 1 1 1 2 2 2 2 1 2 1 2 1 1 1 1
 1 1 1 1 1 1 1 1 1 1 1 1 1 1 1 1 1 1 1 1 2 2 2 2 1 1 1 1 4 4 4 4 1 2 1 5 1
 1 1 1 1 1 1 1 1 1 1 1 3 3 3 3 1 1 1 3]
Просечна награда за discount factor 0.5 за 50 итерации: 8.42, просечни чекори: 12.58
Просечна награда за discount factor 0.5 за 100 итерации: 7.5, просечни чекори: 13.5
Најдобри акции за discount factor 0.7: [4 4 4 4 0 0 0 0 0 0 0 0 0 0 0 0 5 0 0 0 3 3 3 3 0 0 0 0 0 0 0 0 0 0 0 0 3
 0 0 0 0 0 0 0 2 2 2 2 0 0 0 0 0 0 0 0 0 2 0 0 0 0 0 0 2 2 2 2 0 0 0 0 0 0
 0 0 0 2 0 0 0 0 0 0 4 4 4 4 0 0 0 0 0 0 0 0 0 5 0 0 1 1 1 1 0 0 0 0 0 0 0
 0 0 0 0 0 1 0 0 0 1 1 1 1 0 0 0 0 0 0 0 0 0 0 0 0 1 0 0 0 0 0 0 0 2 2 2 2
 0 0 0 0 0 0 0 0 0 2 0 0 0 0 0 0 2 2 2 2 0 0 0 0 0 0 0 0 0 2 0 0 0 0 0 0 1
 1 1 1 0 0 0 0 0 0 0 0 0 1 0 0 1 1 1 1 2 2 2 2 0 0 0 0 2 2 2 2 1 2 0 2 1 1
 1 1 2 2 2 2 3 3 3 3 2 2 2 2 1 2 3 2 3 3 3 3 2 2 2 2 3 3 3 3 2 2 2 2 3 2 3
 2 3 3 3 3 2 2 2 2 3 3 3 3 0 0 0 0 3 2 3 0 3 3 3 3 1 1 1 1 3 3 3 3 0 0 0 0
 3 1 3 0 1 1 1 1 1 1 1 1 0 0 0 0 1 1 1 1 1 1 0 1 1 1 1 1 2 2 2 2 1 1 1 1 2
 2 2 2 1 2 1 2 1 1 1 1 1 1 1 1 1 1 1 1 1 1 1 1 1 1 1 1 1 1 1 1 2 2 2 2 1 1
 1 1 0 0 0 0 1 2 1 0 1 1 1 1 1 1 1 1 1 1 1 1 0 0 0 0 1 1 1 0 1 1 1 1 1 1 1
 1 4 4 4 4 1 1 1 1 1 1 5 1 1 1 1 1 2 2 2 2 1 1 1 1 2 2 2 2 1 2 1 2 1 1 1 1
 1 1 1 1 1 1 1 1 1 1 1 1 1 1 1 1 1 1 1 1 2 2 2 2 1 1 1 1 4 4 4 4 1 2 1 5 1
 1 1 1 1 1 1 1 1 1 1 1 3 3 3 3 1 1 1 3]
Просечна награда за discount factor 0.7 за 50 итерации: 7.8, просечни чекори: 13.2
Просечна награда за discount factor 0.7 за 100 итерации: 7.82, просечни чекори: 13.18
Најдобри акции за discount factor 0.9: [4 4 4 4 0 0 0 0 0 0 0 0 0 0 0 0 5 0 0 0 3 3 3 3 0 0 0 0 0 0 0 0 0 0 0 0 3
 0 0 0 0 0 0 0 2 2 2 2 0 0 0 0 0 0 0 0 0 2 0 0 0 0 0 0 2 2 2 2 0 0 0 0 0 0
 0 0 0 2 0 0 0 0 0 0 4 4 4 4 0 0 0 0 0 0 0 0 0 5 0 0 1 1 1 1 0 0 0 0 0 0 0
 0 0 0 0 0 1 0 0 0 1 1 1 1 0 0 0 0 0 0 0 0 0 0 0 0 1 0 0 0 0 0 0 0 2 2 2 2
 0 0 0 0 0 0 0 0 0 2 0 0 0 0 0 0 2 2 2 2 0 0 0 0 0 0 0 0 0 2 0 0 0 0 0 0 1
 1 1 1 0 0 0 0 0 0 0 0 0 1 0 0 1 1 1 1 2 2 2 2 0 0 0 0 2 2 2 2 1 2 0 2 1 1
 1 1 2 2 2 2 3 3 3 3 2 2 2 2 1 2 3 2 3 3 3 3 2 2 2 2 3 3 3 3 2 2 2 2 3 2 3
 2 3 3 3 3 2 2 2 2 3 3 3 3 0 0 0 0 3 2 3 0 3 3 3 3 1 1 1 1 3 3 3 3 0 0 0 0
 3 1 3 0 1 1 1 1 1 1 1 1 0 0 0 0 1 1 1 1 1 1 0 1 1 1 1 1 2 2 2 2 1 1 1 1 2
 2 2 2 1 2 1 2 1 1 1 1 1 1 1 1 1 1 1 1 1 1 1 1 1 1 1 1 1 1 1 1 2 2 2 2 1 1
 1 1 0 0 0 0 1 2 1 0 1 1 1 1 1 1 1 1 1 1 1 1 0 0 0 0 1 1 1 0 1 1 1 1 1 1 1
 1 4 4 4 4 1 1 1 1 1 1 5 1 1 1 1 1 2 2 2 2 1 1 1 1 2 2 2 2 1 2 1 2 1 1 1 1
 1 1 1 1 1 1 1 1 1 1 1 1 1 1 1 1 1 1 1 1 2 2 2 2 1 1 1 1 4 4 4 4 1 2 1 5 1
 1 1 1 1 1 1 1 1 1 1 1 3 3 3 3 1 1 1 3]
Просечна награда за discount factor 0.9 за 50 итерации: 7.98, просечни чекори: 13.02
Просечна награда за discount factor 0.9 за 100 итерации: 7.67, просечни чекори: 13.33

------------------------------------------------------------------------------------------------------------------------


Value iteration дава малку подобри награди за discount factor 0.5, но како што се зголемува discount factor, policy iteration е
малку поконзистентен. Според тоа, перформансите на овие алгоритми може да бидат под силно влијание на discount factor.
Колку е поголем discount factor, толку повеќе агентот ги цени идните награди, што може да го зголеми бројот на чекори.
